#pt-range rho-range eta-range alpha
!TEST VALUES. NOT USE!!
[alpha]
30 40 20 C 24 0.039
80 120 8 C 10 0.037

#pt-range rho-range eta N l-min l-max values
[EffCutData]
#30 50 0 10 10 0 1.0001 .95 .94 .90 .8 .7 .5 .2 .1 .05 
30 40 20 24 C 30 0 1.0001 1.0 0.98 0.95 0.91 0.86 0.81 0.76 0.72 0.68 0.64 0.60 0.57 0.53 0.50 0.48 0.45 0.43 0.41 0.38 0.35 0.33 0.31 0.28 0.26 0.24 0.21 0.18 0.14 0.09 0.03
80 120 8 10 C 30 0 1.0001 1.0 0.92 0.86 0.81 0.78 0.75 0.72 0.70 0.68 0.66 0.64 0.63 0.61 0.60 0.58 0.57 0.55 0.54 0.53 0.51 0.50 0.48 0.46 0.44 0.42 0.40 0.37 0.34 0.28 0.21
